相葉 雅紀, http://www.johnnys-net.jp/material/AMIfv95qc20cp05lxnLkvZUgA6thBGWhiYQuBvbz5gue4fBGPvDtHw3D4IHTI8mh2hrLcCk2c3Hamr0_23BiAqkay3jIedj40O2iuG2RC3I8oLlFR1OCyzZYR6n3-NEu2_SgaBil8crTqgwfLBbpjGnBPW-FT_NISd4r8mW-uSrw7Yn8s27tp7s?c=0&m=image%2Fjpeg
二宮 和也, http://www.johnnys-net.jp/material/AMIfv95l6ybIMwr8U23XFiw57wRY40fEefvXXEbOoTLJtb7a6bTElg-qHOtFnghBY8QvKjsNZ2uk4zbHrplAA6cEdXzs0624I-nLeneF9Z80L3FQ5bidn3wqURune2OKyiQVP22DbKEFJXrnmMWCkJQncXQBcCZxfWwJWIMBjCYvuR1jXHkOSMs?c=0&m=image%2Fjpeg
櫻井 翔, http://www.johnnys-net.jp/material/AMIfv95_b39WOw6XBYxtKdMfQyqm1j-5Y8Mz39QaVqCfzxJC8jfDdbT1GSTFm7jpDk-3P20rARLCtdhbkU8i9U5pXp1kz1A6ykhvwyG0LuFMBm0h-TzKZP9AJ7DwONn9LSGpRtO4_3QDX3IzZPy8i0GNSa8Uja4qCbAkt2sjBbSMr1IoyGCY7h4?c=0&m=image%2Fjpeg
松本 潤, http://www.johnnys-net.jp/material/AMIfv95cAL9YGTEjMVJr_1-f8RX2u2fqi3BTSghwStIc1XiUQF53zQ_xzQbI4oktm9NxzBnK9zpyuP5SGjb4I5d1owDYOl_j7Fni4efGVEca2MA_heZu4d5MWpA45VdJ91l2TYwfkJMMhkvChN51Et8BOleDr7OlLlNd71VnEwFykP81Ouuk-lY?c=0&m=image%2Fjpeg
大野 智, http://www.johnnys-net.jp/material/AMIfv94f5bA5OGlYM0wNO-9Ffk1ply7iwEDrhwFtjPq0KnoHhQoNUim93DOqsHGBlu-jSXw_4TddBNNrN9qo15JNsGz7SmtEaZ8LQaAyQKYi605vpmmbeSYF9qa8dmURH16Hic76TZzeuiRBWteTVL9P_mOihd5I_7nCB0shxf6lTA9Ty7fSn1o?c=0&m=image%2Fjpeg

